"Proportion of earned income sectors by Year, Electoral Division and"
"statistical indicator"

" "," ","Agriculture, Forestry and Fishing (A) (%)","Construction (F) (%)","Financial, Real Estate, Administrative and Services (K,L,N,S) (%)","ICT, Scientific and Recreation (J,M,R) (%)","Industry (B,C,D,E) (%)","Public Service, Education and Health (O,P,Q) (%)","Wholesale, Transport and Accomodation (G,H,I) (%)"
"2016"
" ","001  Carlow Urban, Co. Carlow",1.1,5.0,14.0,11.0,12.6,30.9,25.3
" ","002 Graigue Urban, Co. Carlow",2.0,8.3,16.2,8.1,12.7,25.7,26.9
" ","003 Clonmore, Co. Carlow",10.6,8.9,13.3,12.2,13.9,27.3,13.7
" ","004 Hacketstown, Co. Carlow",6.6,10.5,9.8,12.2,12.5,24.7,23.7
" ","005 Haroldstown, Co. Carlow",12.1,10.2,11.0,13.5,14.6,23.2,15.4
" ","006 Kineagh, Co. Carlow",17.3,8.9,12.2,4.6,11.3,26.9,18.8
" ","007 Rahill, Co. Carlow",8.8,5.6,9.0,12.8,11.3,30.9,21.7
" ","008 Rathvilly, Co. Carlow",5.5,10.2,10.1,7.6,17.2,32.0,17.5
" ","009 Tiknock, Co. Carlow",7.2,9.1,14.0,12.7,9.9,29.9,17.3
" ","010 Williamstown, Co. Carlow",12.3,7.8,15.2,15.0,10.1,21.9,17.7
" ","011 Agha, Co. Carlow",9.6,3.0,9.4,8.9,13.6,34.6,20.8
" ","012 Ballinacarrig (Part Urban), Co. Carlow",5.3,4.3,11.9,14.1,14.0,35.6,14.8
" ","013 Ballintemple, Co. Carlow",14.1,10.1,10.7,9.8,10.9,29.2,15.3
" ","014 Ballon, Co. Carlow",6.0,8.4,11.7,8.3,16.8,30.1,18.7
" ","015 Ballyellin, Co. Carlow",11.0,5.5,9.6,9.0,15.6,29.1,20.3
" ","016 Ballymoon, Co. Carlow",9.4,10.5,14.1,8.3,17.0,27.4,13.3
" ","017 Borris, Co. Carlow",8.9,5.6,9.1,12.7,15.6,27.4,20.8
" ","018 Burton Hall, Co. Carlow",2.7,5.4,11.2,16.2,13.2,34.3,17.1
" ","019 Carlow Rural (Part Urban), Co Carlow",0.9,5.1,12.1,11.7,13.4,34.9,21.9
" ","020 Clogrenan, Co. Carlow",4.2,7.4,12.3,8.7,17.5,31.9,17.9
" ","021 Clonegall, Co. Carlow",8.0,8.9,8.2,12.1,13.5,29.5,19.6
" ","022 Corries, Co. Carlow",7.9,8.5,14.6,9.4,18.8,22.3,18.4
" ","023 Cranemore, Co. Carlow",8.3,9.5,8.6,12.4,15.9,26.4,18.9
" ","024 Fennagh, Co. Carlow",8.4,6.9,10.9,10.2,22.3,28.1,13.2
" ","025 Garryhill, Co. Carlow",9.4,7.5,11.2,11.4,23.7,24.0,12.7
" ","026 Grangeford, Co. Carlow",10.2,10.7,9.2,11.5,14.3,27.1,16.8
" ","027 Johnstown, Co. Carlow",7.4,7.1,16.5,5.8,14.6,31.8,16.9
" ","028 Kellistown, Co. Carlow",4.5,5.9,12.7,8.8,18.0,32.7,17.4
" ","029 Kilbride, Co. Carlow",7.4,5.8,10.7,11.7,18.1,30.5,15.8
" ","030 Killedmond, Co. Carlow",10.3,8.7,9.6,8.9,27.2,21.2,14.2
" ","031 Killerrig, Co. Carlow",7.6,5.3,9.9,13.4,17.1,25.5,21.1
" ","032 Leighlinbridge, Co. Carlow",5.6,5.4,9.7,12.6,16.0,32.4,18.5
" ","033 Muinebeag (Bagenalstown) Rural, Co. Carlow",6.6,6.0,11.8,8.9,12.9,32.8,21.0
" ","034 Muinebeag (Bagenalstown) Urban, Co. Carlow",2.0,4.4,10.0,6.2,24.2,30.2,23.0
" ","035 Myshall, Co. Carlow",9.2,13.1,12.8,5.9,14.4,30.8,13.7
" ","036 Nurney, Co. Carlow",7.9,6.2,9.9,9.9,14.8,33.6,17.6
" ","037 Oldleighlin, Co. Carlow",10.8,7.1,12.0,13.1,15.4,28.8,12.7
" ","038 Rathanna, Co. Carlow",10.3,14.1,17.1,4.9,14.1,29.1,10.4
" ","039 Rathornan, Co. Carlow",10.0,9.2,11.6,10.3,18.1,20.8,19.9
" ","040 Rathrush, Co. Carlow",5.3,5.7,10.4,9.8,17.7,32.1,19.0
" ","041 Ridge, Co. Carlow",12.7,11.4,13.9,5.2,9.0,23.6,24.1
" ","042 Shangarry, Co. Carlow",9.4,6.5,9.5,11.2,18.1,27.3,18.0
" ","043 Sliguff, Co. Carlow",7.9,5.2,9.8,7.3,23.0,26.3,20.5
" ","044 Tankardstown, Co. Carlow",13.8,6.6,12.2,7.0,16.1,29.0,15.4
" ","045 Templepeter, Co. Carlow",8.1,9.3,9.7,7.0,19.0,33.4,13.4
" ","046 Tullowbeg, Co. Carlow",7.2,5.6,13.7,8.9,20.4,23.3,20.9
" ","047 Tullow Rural, Co. Carlow",9.2,6.5,11.2,16.4,15.4,22.7,18.7
" ","048 Tullow Urban, Co. Carlow",7.5,7.4,9.1,14.5,17.8,22.5,21.2
" ","049 Ballymurphy, Co. Carlow",17.4,9.6,5.8,3.5,17.3,25.6,20.9
" ","050 Coonogue, Co. Carlow",11.6,7.2,13.5,10.4,11.0,27.5,18.7
" ","051 Glynn, Co. Carlow",11.7,8.5,5.8,12.5,26.3,19.0,16.2
" ","052 Kyle, Co. Carlow",17.4,6.9,9.0,16.0,16.1,23.7,11.0
" ","053 Marley, Co. Carlow",9.2,10.4,11.9,9.6,16.8,28.1,13.9
" ","054 Tinnahinch, Co. Carlow",5.8,8.6,12.2,6.7,12.8,32.6,21.2
" ","001 Arran Quay A, Dublin City",0.8,3.4,20.0,25.8,5.0,28.9,16.1
" ","002 Arran Quay B, Dublin City",0.3,2.9,23.6,29.1,3.4,22.4,18.2
" ","003 Arran Quay C, Dublin City",0.1,1.4,24.1,36.0,3.2,19.0,16.3
" ","004 Arran Quay D, Dublin City",0.1,2.5,16.2,25.1,4.6,35.8,15.8
" ","005 Arran Quay E, Dublin City",0.3,1.4,17.3,29.9,3.5,33.6,14.0
" ","006 Ashtown A, Dublin City",0.1,2.5,22.8,22.8,5.6,29.4,16.8
" ","007 Ashtown B, Dublin City",0.4,3.8,19.9,22.6,4.2,34.5,14.7
" ","008 Ayrfield, Dublin City",0.1,5.0,19.0,15.0,8.7,24.8,27.5
" ","009 Ballybough A, Dublin City",..,3.8,22.4,21.0,3.3,30.4,19.1
" ","010 Ballybough B, Dublin City",0.5,3.2,23.5,21.6,4.4,29.0,17.8
" ","011 Ballygall A, Dublin City",..,4.3,17.5,13.3,5.8,34.7,24.4
" ","012 Ballygall B, Dublin City",..,2.8,17.3,19.5,6.0,32.7,21.7
" ","013 Ballygall C, Dublin City",..,2.3,16.9,19.4,5.7,36.0,19.7
" ","014 Ballygall D, Dublin City",..,3.0,20.3,14.8,6.1,35.0,20.7
" ","015 Ballymun A, Dublin City",0.1,2.9,18.0,12.6,8.0,34.7,23.6
" ","016 Ballymun B, Dublin City",0.7,3.2,22.4,8.2,7.7,21.8,35.9
" ","017 Ballymun C, Dublin City",0.5,3.6,20.4,12.6,6.1,26.1,30.8
" ","018 Ballymun D, Dublin City",..,7.1,23.6,8.9,6.2,24.5,29.8
" ","019 Ballymun E, Dublin City",..,2.6,18.0,16.6,6.9,39.1,16.7
" ","020 Ballymun F, Dublin City",0.1,4.0,17.8,15.3,8.5,34.7,19.5
" ","021 Beaumont A, Dublin City",..,4.9,17.6,15.5,8.0,33.1,20.9
" ","022 Beaumont B, Dublin City",0.3,3.8,17.9,14.4,4.0,41.1,18.5
" ","023 Beaumont C, Dublin City",0.4,3.7,24.0,16.9,6.5,28.4,20.1
" ","024 Beaumont D, Dublin City",0.6,5.1,21.1,12.9,7.1,32.8,20.5
" ","025 Beaumont E, Dublin City",0.6,3.5,21.0,16.6,7.5,34.5,16.4
" ","026 Beaumont F, Dublin City",0.4,4.2,19.2,17.7,6.3,36.4,15.8
" ","027 Botanic A, Dublin City",0.3,1.6,20.3,23.8,6.5,35.6,12.0
" ","028 Botanic B, Dublin City",0.3,2.3,21.3,22.5,4.7,37.0,11.9
" ","029 Botanic C, Dublin City",0.5,2.4,20.0,26.4,3.4,36.4,11.0
" ","030 Cabra East A, Dublin City",0.2,2.5,20.2,21.3,3.1,38.2,14.5
" ","031 Cabra East B, Dublin City",0.1,4.6,16.8,17.0,5.7,34.7,21.1
" ","032 Cabra East C, Dublin City",..,3.4,20.3,24.4,3.8,31.1,16.9
" ","033 Cabra West A, Dublin City",..,5.4,15.5,13.2,6.2,36.0,23.7
" ","034 Cabra West B, Dublin City",0.7,6.0,14.6,13.9,5.6,34.0,25.1
" ","035 Cabra West C, Dublin City",0.5,3.9,18.7,16.3,6.2,35.2,19.2
" ","036 Cabra West D, Dublin City",..,2.7,17.1,22.6,5.8,36.0,15.6
" ","037 Clontarf East A, Dublin City",..,2.9,20.1,20.9,5.1,34.1,16.9
" ","038 Clontarf East B, Dublin City",0.1,2.0,22.5,28.2,5.4,27.9,14.0
" ","039 Clontarf East C, Dublin City",0.4,2.0,23.7,24.2,5.4,30.5,13.8
" ","040 Clontarf East D, Dublin City",0.4,1.8,27.2,27.3,4.6,25.4,13.3
" ","041 Clontarf East E, Dublin City",0.5,2.3,24.7,26.3,4.7,27.7,13.8
" ","042 Clontarf West A, Dublin City",..,3.5,22.1,20.3,5.4,30.7,18.0
" ","043 Clontarf West B, Dublin City",0.1,4.0,21.0,20.4,6.0,27.1,21.4
" ","044 Clontarf West C, Dublin City",0.2,1.8,24.0,32.0,3.8,28.0,10.3
" ","045 Clontarf West D, Dublin City",0.5,2.5,20.8,30.4,3.8,27.5,14.6
" ","046 Clontarf West E, Dublin City",0.4,2.5,20.6,25.8,4.8,31.7,14.2
" ","047 Drumcondra South A, Dublin City",0.3,2.6,23.6,25.3,4.7,30.8,12.7
" ","048 Drumcondra South B, Dublin City",0.6,2.7,21.5,26.6,5.0,31.6,12.1
" ","049 Drumcondra South C, Dublin City",0.5,2.2,19.7,22.4,5.6,36.5,13.1
" ","050 Edenmore, Dublin City",..,5.6,17.8,16.2,6.2,29.6,24.6
" ","051 Finglas North A, Dublin City",0.7,4.7,16.1,7.9,9.4,31.0,30.2
" ","052 Finglas North B, Dublin City",..,5.4,16.2,9.3,7.7,30.3,31.0
" ","053 Finglas North C, Dublin City",0.4,3.8,15.6,12.8,8.8,34.7,23.8
" ","054 Finglas South A, Dublin City",..,6.1,16.5,9.6,9.9,28.6,29.2
" ","055 Finglas South B, Dublin City",0.1,6.0,19.9,12.1,8.0,25.4,28.6
" ","056 Finglas South C, Dublin City",..,4.8,15.8,7.9,8.0,28.6,34.9
" ","057 Finglas South D, Dublin City",0.2,5.9,17.6,7.5,9.5,31.0,28.4
" ","058 Grace Park, Dublin City",0.2,2.9,21.5,21.2,5.8,32.9,15.4
" ","059 Grange A, Dublin City",0.2,5.0,19.2,17.1,7.6,25.2,25.8
" ","060 Grange B, Dublin City",..,3.3,22.3,21.4,6.5,22.8,23.7
" ","061 Grange C, Dublin City",0.2,6.0,18.8,14.0,8.3,25.4,27.4
" ","062 Grange D, Dublin City",0.1,3.3,21.5,20.8,4.8,29.8,19.8
" ","063 Grange E, Dublin City",..,5.6,19.1,14.8,5.9,31.4,23.2
" ","064 Harmonstown A, Dublin City",..,5.1,19.5,15.9,7.2,29.1,23.1
" ","065 Harmonstown B, Dublin City",0.5,3.4,18.3,18.0,7.4,29.4,23.1
" ","066 Inns Quay A, Dublin City",..,3.1,19.5,19.9,3.1,38.6,15.7
" ","067 Inns Quay B, Dublin City",0.5,3.3,20.1,22.6,3.0,30.1,20.3
" ","068 Inns Quay C, Dublin City",..,2.9,21.1,24.0,3.7,24.7,23.7
" ","069 Kilmore A, Dublin City",..,4.4,17.7,11.9,8.2,32.3,25.5
" ","070 Kilmore B, Dublin City",..,6.1,15.2,9.8,8.9,30.8,29.2
" ","071 Kilmore C, Dublin City",..,6.4,13.8,10.3,9.0,27.4,33.0
" ","072 Kilmore D, Dublin City",0.9,4.6,19.7,10.8,8.9,28.1,27.1
" ","073 Mountjoy A, Dublin City",..,3.1,28.6,27.6,2.9,18.3,19.6
" ","074 Mountjoy B, Dublin City",0.1,4.6,29.9,17.6,3.3,16.3,28.2
" ","075 North City, Dublin City",0.4,1.5,24.3,33.8,2.6,15.1,22.3
" ","076 North Dock A, Dublin City",..,3.2,22.5,30.8,3.4,24.5,15.6
" ","077 North Dock B, Dublin City",0.2,1.7,27.7,38.2,3.0,15.7,13.5
" ","078 North Dock C, Dublin City",0.4,2.0,28.7,41.2,2.7,14.7,10.2
" ","079 Phoenix Park, Dublin City",0.6,1.6,25.9,28.7,6.7,26.8,9.7
" ","080 Priorswood A, Dublin City",0.9,6.7,15.3,9.7,12.5,24.5,30.4
" ","081 Priorswood B, Dublin City",1.2,6.4,15.8,7.5,14.5,25.3,29.3
" ","082 Priorswood C, Dublin City",..,5.0,18.1,10.7,8.7,24.0,33.5
" ","083 Priorswood D, Dublin City",0.1,5.9,18.6,9.7,9.1,25.8,30.9
" ","084 Priorswood E, Dublin City",0.2,7.5,15.9,10.5,11.2,24.9,29.8
" ","085 Raheny-Foxfield, Dublin City",..,4.0,21.4,21.0,4.2,29.1,20.4
" ","086 Raheny-Greendale, Dublin City",0.1,5.4,19.2,19.1,7.4,27.0,22.0
" ","087 Raheny-St. Assam, Dublin City",0.4,1.4,27.9,23.8,5.6,25.5,15.4
" ","088 Rotunda A, Dublin City",..,4.1,25.1,20.3,2.8,19.0,28.7
" ","089 Rotunda B, Dublin City",..,2.0,26.2,33.5,3.3,16.3,18.7
" ","090 Whitehall A, Dublin City",0.7,2.1,19.6,22.5,5.3,34.0,15.8
" ","091 Whitehall B, Dublin City",0.4,3.4,18.5,16.1,5.3,36.1,20.3
" ","092 Whitehall C, Dublin City",..,3.2,18.4,17.2,4.1,32.9,24.1
" ","093 Whitehall D, Dublin City",0.4,2.8,20.4,20.5,4.2,37.0,14.8
" ","094 Chapelizod, Dublin City",0.3,3.1,17.5,23.4,5.2,35.7,14.7
" ","095 Cherry Orchard A, Dublin City",0.1,5.5,15.7,12.3,7.6,29.5,29.4
" ","096 Carna, Dublin City",..,6.1,16.9,10.0,9.1,27.6,30.3
" ","097 Cherry Orchard C, Dublin City",..,5.4,20.3,16.8,7.5,20.9,29.1
" ","098 Crumlin A, Dublin City",0.6,4.1,18.3,14.2,7.9,31.1,23.7
" ","099 Crumlin B, Dublin City",0.1,4.4,18.4,16.2,5.0,31.1,24.8
" ","100 Crumlin C, Dublin City",..,2.3,24.4,22.3,5.4,28.7,17.0
" ","101 Crumlin D, Dublin City",0.4,4.2,16.7,17.7,8.2,31.8,21.0
" ","102 Crumlin E, Dublin City",0.6,5.1,16.2,15.0,10.2,32.7,20.1
" ","103 Crumlin F, Dublin City",0.6,2.7,16.7,14.3,7.3,38.4,19.9
" ","104 Decies, Dublin City",0.8,4.3,14.7,11.1,5.6,37.7,25.7
" ","105 Drumfinn, Dublin City",0.6,5.5,16.2,9.5,8.5,29.1,30.5
" ","106 Inchicore A, Dublin City",..,3.2,15.5,23.4,7.3,32.7,18.0
" ","107 Inchicore B, Dublin City",..,7.1,19.1,13.7,6.9,23.7,29.5
" ","108 Kilmainham A, Dublin City",0.8,3.7,17.1,14.2,7.2,32.8,24.2
" ","109 Kilmainham B, Dublin City",0.1,1.5,19.8,26.4,5.3,33.5,13.5
" ","110 Kilmainham C, Dublin City",0.1,2.7,20.4,24.3,4.9,30.9,16.8
" ","111 Kimmage A, Dublin City",..,6.8,19.0,14.4,6.0,32.3,21.5
" ","112 Kimmage B, Dublin City",0.1,4.0,17.2,16.2,7.9,31.3,23.4
" ","113 Kimmage C, Dublin City",0.4,2.9,25.8,27.7,3.1,29.6,10.4
" ","114 Kimmage D, Dublin City",0.7,4.0,22.3,22.6,5.5,29.1,15.9
" ","115 Kimmage E, Dublin City",0.2,3.6,21.6,18.8,6.1,30.0,19.6
" ","116 Kylemore, Dublin City",..,6.4,15.7,7.7,9.7,27.8,32.7
" ","117 Mansion House A, Dublin City",0.4,1.9,22.7,40.9,3.1,17.3,13.8
" ","118 Mansion House B, Dublin City",..,0.5,23.8,35.0,4.7,20.7,15.4
" ","119 Merchants Quay A, Dublin City",..,2.1,22.5,30.3,3.6,20.2,21.2
" ","120 Merchants Quay B, Dublin City",..,2.1,21.9,32.2,2.4,22.6,18.8
" ","121 Merchants Quay C, Dublin City",0.4,1.9,21.5,32.8,2.7,22.1,18.5
" ","122 Merchants Quay D, Dublin City",..,2.0,17.9,34.2,3.2,30.5,12.2
" ","123 Merchants Quay E, Dublin City",0.8,1.5,19.4,34.3,5.1,24.1,14.7
" ","124 Merchants Quay F, Dublin City",..,3.3,22.9,25.1,4.0,25.9,18.8
" ","125 Pembroke East A, Dublin City",..,2.8,24.5,37.1,3.7,18.5,13.5
" ","126 Pembroke East B, Dublin City",0.3,1.7,24.1,33.3,4.7,26.9,9.1
" ","127 Pembroke East C, Dublin City",0.2,0.8,26.0,34.5,3.3,26.9,8.4
" ","128 Pembroke East D, Dublin City",0.3,0.9,22.3,32.3,2.9,29.6,11.7
" ","129 Pembroke East E, Dublin City",0.3,1.7,27.2,37.7,3.3,22.1,7.6
" ","130 Pembroke West A, Dublin City",0.2,1.0,24.3,48.5,3.3,15.8,7.0
" ","131 Pembroke West B, Dublin City",0.4,1.8,25.3,41.9,3.4,19.7,7.6
" ","132 Pembroke West C, Dublin City",0.2,0.6,26.4,43.4,2.1,19.3,8.0
" ","133 Rathfarnham, Dublin City",0.2,1.4,22.6,27.8,3.7,33.9,10.4
" ","134 Rathmines East A, Dublin City",0.2,0.6,27.0,36.6,3.0,22.4,10.2
" ","135 Rathmines East B, Dublin City",0.2,1.0,26.3,38.2,3.7,22.2,8.4
" ","136 Rathmines East C, Dublin City",0.4,1.3,24.0,35.5,4.0,26.9,7.8
" ","137 Rathmines East D, Dublin City",0.3,1.0,23.4,37.5,3.5,24.4,9.8
" ","138 Rathmines West A, Dublin City",0.2,1.1,24.2,34.7,3.4,23.7,12.7
" ","139 Rathmines West B, Dublin City",0.2,1.4,25.5,36.6,3.2,21.3,11.9
" ","140 Rathmines West C, Dublin City",0.4,1.5,21.8,36.6,3.7,25.1,10.9
" ","141 Rathmines West D, Dublin City",0.1,1.7,23.0,31.8,2.5,29.3,11.6
" ","142 Rathmines West E, Dublin City",0.3,1.8,22.7,31.0,4.5,29.7,10.1
" ","143 Rathmines West F, Dublin City",0.4,1.3,21.2,36.7,3.2,27.0,10.2
" ","144 Royal Exchange A, Dublin City",0.5,0.9,20.1,39.3,3.5,21.0,14.7
" ","145 Royal Exchange B, Dublin City",1.6,3.6,24.5,30.4,3.6,18.2,18.1
" ","146 St. Kevin's, Dublin City",0.3,1.1,22.8,41.1,2.5,19.6,12.6
" ","147 South Dock, Dublin City",0.1,0.8,22.9,52.2,3.1,13.4,7.5
" ","148 Terenure A, Dublin City",0.3,2.0,19.1,28.0,4.5,33.2,12.9
" ","149 Terenure B, Dublin City",0.3,2.2,18.6,28.5,5.0,34.1,11.3
" ","150 Terenure C, Dublin City",0.1,2.4,22.9,24.7,5.3,30.1,14.4
" ","151 Terenure D, Dublin City",..,4.0,24.6,29.8,6.0,24.1,11.5
" ","152 Ushers A, Dublin City",0.1,1.2,19.0,36.7,3.5,27.3,12.2
" ","153 Ushers B, Dublin City",0.9,3.0,21.6,25.7,4.1,25.8,18.9
" ","154 Ushers C, Dublin City",0.5,2.7,22.1,21.7,4.2,27.3,21.5
" ","155 Ushers D, Dublin City",0.2,3.0,19.2,23.7,3.4,34.5,16.0
" ","156 Ushers E, Dublin City",0.1,2.7,23.3,19.4,4.0,33.6,16.9
" ","157 Ushers F, Dublin City",..,1.4,16.6,26.7,3.9,40.6,10.9
" ","158 Walkinstown A, Dublin City",0.1,3.6,15.9,17.2,7.7,35.6,19.9
" ","159 Walkinstown B, Dublin City",0.7,5.1,17.9,17.5,7.8,28.0,22.8
" ","160 Walkinstown C, Dublin City",..,6.5,17.7,15.7,10.1,26.7,23.3
" ","161 Wood Quay A, Dublin City",0.7,3.6,18.4,24.2,3.6,27.4,22.0
" ","162 Wood Quay B, Dublin City",0.5,1.6,19.1,36.2,2.9,26.8,12.8
" ","001 Ballinascorney, South Dublin",2.2,8.6,16.7,14.8,9.6,23.7,24.4
" ","002 Ballyboden, South Dublin",0.4,3.6,20.7,22.1,6.6,29.7,16.9
" ","003 Bohernabreena, South Dublin",0.7,7.0,16.0,15.4,10.8,24.3,25.7
" ","004 Clondalkin-Ballymount, South Dublin",..,8.2,17.4,17.3,9.5,21.9,25.7
" ","005 Clondalkin-Cappaghmore, South Dublin",..,4.4,15.7,10.6,7.7,32.2,29.3
" ","006 Clondalkin-Dunawley, South Dublin",0.2,5.4,17.4,11.0,10.3,24.4,31.3
" ","007 Clondalkin-Monastery, South Dublin",0.2,5.1,19.0,13.5,11.6,22.9,27.6
" ","008 Clondalkin-Moorfield, South Dublin",0.3,6.1,18.6,10.4,9.5,25.3,29.8
" ","009 Clondalkin-Rowlagh, South Dublin",..,8.8,15.6,10.2,8.6,24.2,32.5
" ","010 Clondalkin Village, South Dublin",0.2,5.2,18.3,14.7,10.9,24.1,26.6
" ","011 Edmondstown, South Dublin",0.3,4.0,20.6,21.1,5.1,27.8,21.0
" ","012 Firhouse-Ballycullen, South Dublin",0.3,3.6,23.7,22.3,6.6,25.2,18.4
" ","013 Firhouse-Knocklyon, South Dublin",0.5,3.5,22.4,22.2,6.7,29.5,15.3
" ","014 Firhouse Village, South Dublin",0.2,5.0,21.0,19.3,6.4,28.6,19.5
" ","015 Lucan-Esker, South Dublin",0.1,4.7,18.0,16.4,8.8,31.1,21.0
" ","016 Lucan Heights, South Dublin",0.2,4.3,17.6,16.5,8.4,35.4,17.5
" ","017 Lucan-St. Helen's, South Dublin",0.2,3.8,17.5,16.6,8.2,32.4,21.4
" ","018 Newcastle, South Dublin",1.0,5.4,16.9,14.7,10.2,25.2,26.6
" ","019 Palmerston Village, South Dublin",0.2,5.3,14.8,12.9,8.8,34.8,23.3
" ","020 Palmerston West, South Dublin",0.3,5.2,15.3,13.3,8.6,30.7,26.6
" ","021 Rathcoole, South Dublin",0.5,5.9,18.6,16.9,9.0,24.8,24.4
" ","022 Rathfarnham-Ballyroan, South Dublin",0.6,4.2,21.1,20.6,7.5,31.2,14.9
" ","023 Rathfarnham-Butterfield, South Dublin",..,3.0,24.2,25.0,6.5,27.6,13.7
" ","024 Rathfarnham-Hermitage, South Dublin",0.2,2.2,23.5,25.4,5.3,29.4,14.0
" ","025 Rathfarnham-St. Enda's, South Dublin",0.3,2.9,22.4,22.6,5.9,32.4,13.5
" ","026 Rathfarnham Village, South Dublin",0.3,3.0,20.2,27.0,6.2,28.6,14.6
" ","027 Saggart, South Dublin",0.6,6.1,17.0,22.2,9.7,19.2,25.3
" ","028 Tallaght-Avonbeg, South Dublin",..,6.2,14.4,10.9,8.2,27.7,32.7
" ","029 Tallaght-Belgard, South Dublin",..,5.6,19.5,15.9,8.8,24.7,25.5
" ","030 Tallaght-Fettercairn, South Dublin",0.3,4.9,19.1,12.5,7.9,25.1,30.2
" ","031 Tallaght-Glenview, South Dublin",..,4.3,18.1,16.4,8.9,22.0,30.3
" ","032 Tallaght-Jobstown, South Dublin",0.2,5.9,18.7,16.5,8.4,23.4,26.9
" ","033 Tallaght-Killinardan, South Dublin",0.1,11.9,18.7,9.9,7.7,19.5,32.2
" ","034 Tallaght-Kilnamanagh, South Dublin",0.4,7.3,16.1,13.7,10.0,26.2,26.3
" ","035 Tallaght-Kiltipper, South Dublin",0.3,6.3,17.7,12.8,8.6,28.0,26.3
" ","036 Tallaght-Kingswood, South Dublin",0.3,5.8,19.2,15.3,10.1,25.7,23.5
" ","037 Tallaght-Millbrook, South Dublin",..,6.9,16.7,13.0,10.9,26.8,25.7
" ","038 Tallaght-Oldbawn, South Dublin",0.4,6.4,17.4,14.9,11.7,26.8,22.4
" ","039 Tallaght-Springfield, South Dublin",0.1,4.4,21.0,13.7,9.1,26.2,25.5
" ","040 Tallaght-Tymon, South Dublin",0.4,6.2,17.1,14.5,9.8,23.9,28.1
" ","041 Templeogue-Cypress, South Dublin",0.4,3.3,24.1,22.9,7.4,28.9,13.0
" ","042 Templeogue-Kimmage Manor, South Dublin",0.3,3.1,25.3,26.2,5.2,28.3,11.7
" ","043 Templeogue-Limekiln, South Dublin",0.4,5.5,19.8,17.1,8.3,28.4,20.6
" ","044 Templeogue-Orwell, South Dublin",0.5,4.6,21.8,21.4,7.2,27.3,17.0
" ","045 Templeogue-Osprey, South Dublin",..,5.5,20.9,17.5,6.9,34.4,14.6
" ","046 Templeogue Village, South Dublin",0.1,3.3,23.1,24.1,6.3,29.2,13.8
" ","047 Terenure-Cherryfield, South Dublin",..,5.1,19.7,18.1,8.9,29.3,18.9
" ","048 Terenure-Greentrees, South Dublin",0.7,5.2,22.1,19.6,6.8,29.9,15.7
" ","049 Terenure-St. James, South Dublin",..,5.9,17.9,16.0,9.0,28.5,22.8
" ","001 Airport, Fingal",..,1.8,20.3,19.4,5.2,27.0,26.3
" ","002 Balbriggan Rural, Fingal",0.6,4.1,19.1,12.3,7.9,27.4,28.6
" ","003 Balbriggan Urban, Fingal",0.5,4.5,18.0,11.3,9.7,29.9,26.1
" ","004 Baldoyle, Fingal",0.2,3.5,22.6,22.1,6.7,25.7,19.1
" ","005 Balgriffin, Fingal",0.9,3.4,24.4,22.5,7.1,19.7,22.0
" ","006 Ballyboghil, Fingal",4.3,3.8,16.8,12.5,8.6,26.1,27.9
" ","007 Balscadden, Fingal",3.4,7.8,16.0,14.7,11.4,26.8,19.9
" ","008 Blanchardstown-Abbotstown, Fingal",0.3,2.1,18.5,23.2,6.3,33.1,16.6
" ","009 Blanchardstown-Blakestown, Fingal",0.1,5.9,18.9,16.6,7.5,28.0,22.9
" ","010 Blanchardstown-Coolmine, Fingal",0.3,4.7,19.5,17.2,6.4,29.4,22.5
" ","011 Blanchardstown-Corduff, Fingal",0.6,6.2,17.4,12.3,5.0,30.1,28.4
" ","012 Blanchardstown-Delwood, Fingal",0.3,3.2,22.2,20.2,6.2,30.4,17.6
" ","013 Blanchardstown-Mulhuddart, Fingal",0.6,5.9,18.7,12.3,6.2,30.0,26.4
" ","014 Blanchardstown-Roselawn, Fingal",1.1,4.2,20.1,15.4,6.4,38.0,14.9
" ","015 Blanchardstown-Tyrrelstown, Fingal",..,6.7,22.6,11.4,8.1,21.4,29.7
" ","016 Castleknock-Knockmaroon, Fingal",0.1,3.2,22.0,22.8,6.6,29.7,15.7
" ","017 Castleknock-Park, Fingal",0.3,2.1,21.4,28.1,6.5,28.8,12.8
" ","018 Clonmethan, Fingal",5.5,7.0,19.8,12.0,8.7,20.7,26.3
" ","019 Donabate, Fingal",0.3,3.3,20.0,18.0,6.5,30.2,21.6
" ","020 Dubber, Fingal",0.5,3.1,19.8,12.2,7.7,29.6,27.0
" ","021 Garristown, Fingal",6.9,7.4,16.1,14.1,8.2,20.7,26.5
" ","022 Hollywood, Fingal",6.1,5.2,17.4,14.3,7.4,26.4,23.2
" ","023 Holmpatrick, Fingal",1.7,4.2,21.4,19.1,5.6,29.1,19.0
" ","024 Howth, Fingal",0.4,2.4,23.5,27.1,4.4,23.9,18.2
" ","025 Kilsallaghan, Fingal",2.5,4.8,15.8,17.9,8.4,24.3,26.2
" ","026 Kinsaley, Fingal",0.4,3.7,20.6,17.4,7.1,24.1,26.7
" ","027 Lucan North, Fingal",1.5,4.8,21.1,21.8,8.9,22.5,19.3
" ","028 Lusk, Fingal",1.4,4.6,18.9,17.0,7.1,25.6,25.3
" ","029 Malahide East, Fingal",0.1,2.0,25.9,26.4,6.3,20.1,19.2
" ","030 Malahide West, Fingal",..,2.7,23.0,23.0,6.6,25.7,18.9
" ","031 Portmarnock North, Fingal",0.3,3.4,24.8,20.5,5.7,26.1,19.2
" ","032 Portmarnock South, Fingal",0.1,2.1,25.4,23.7,6.3,24.7,17.5
" ","033 Rush, Fingal",2.4,3.7,20.4,15.6,6.5,24.0,27.4
" ","034 Skerries, Fingal",0.5,2.5,20.8,21.2,6.0,28.3,20.5
" ","035 Sutton, Fingal",0.3,2.3,24.1,22.1,4.3,29.9,17.1
" ","036 Swords-Forrest, Fingal",0.2,3.2,21.8,14.6,6.5,24.7,29.1
" ","037 Swords-Glasmore, Fingal",0.5,4.2,18.3,12.0,8.3,24.0,32.7
" ","038 Swords-Lissenhall, Fingal",0.6,3.8,21.9,16.4,7.0,21.4,29.0
" ","039 Swords-Seatown, Fingal",0.2,2.7,21.1,20.1,6.2,24.5,25.2
" ","040 Swords Village, Fingal",..,3.7,26.2,12.2,5.5,23.0,29.4
" ","041 The Ward, Fingal",0.4,4.1,18.8,18.8,6.8,26.5,24.6
" ","042 Turnapin, Fingal",0.7,4.2,18.4,16.6,4.5,30.9,24.7
" ","001 Ballinteer-Broadford, Dún Laoghaire-Rathdown",0.4,4.0,23.5,20.8,4.9,29.9,16.5
" ","002 Ballinteer-Ludford, Dún Laoghaire-Rathdown",..,3.9,20.4,26.6,6.9,26.7,15.4
" ","003 Ballinteer-Marley, Dún Laoghaire-Rathdown",0.5,3.3,20.8,23.1,5.6,30.7,16.0
" ","004 Ballinteer-Meadowbroads, Dún Laoghaire-Rathdown",..,2.3,24.0,29.1,3.6,26.9,14.1
" ","005 Ballinteer-Meadowmount, Dún Laoghaire-Rathdown",..,2.3,19.8,20.9,5.4,29.7,21.9
" ","006 Ballinteer-Woodpark, Dún Laoghaire-Rathdown",0.3,2.5,23.5,28.5,6.9,24.0,14.3
" ","007 Ballybrack, Dún Laoghaire-Rathdown",0.4,3.2,22.0,24.4,6.5,24.3,19.2
" ","008 Blackrock-Booterstown, Dún Laoghaire-Rathdown",0.3,1.2,25.4,31.5,3.9,27.7,10.1
" ","009 Blackrock-Carysfort, Dún Laoghaire-Rathdown",0.2,1.0,25.0,32.5,3.7,26.2,11.3
" ","010 Blackrock-Central, Dún Laoghaire-Rathdown",0.2,1.1,23.1,34.2,4.4,27.8,9.1
" ","011 Blackrock-Glenomena, Dún Laoghaire-Rathdown",0.5,1.4,26.7,27.5,3.1,30.8,10.0
" ","012 Blackrock-Monkstown, Dún Laoghaire-Rathdown",0.4,2.1,26.2,29.4,4.3,27.5,10.2
" ","013 Blackrock-Newpark, Dún Laoghaire-Rathdown",..,1.7,24.3,29.1,4.5,30.8,9.6
" ","014 Blackrock-Seapoint, Dún Laoghaire-Rathdown",..,1.5,16.1,35.3,3.4,33.5,10.2
" ","015 Blackrock-Stradbrook, Dún Laoghaire-Rathdown",0.1,2.3,22.5,25.5,7.4,26.5,15.7
" ","016 Blackrock-Templehill, Dún Laoghaire-Rathdown",0.5,0.9,22.8,32.9,3.8,27.6,11.5
" ","017 Blackrock-Williamstown, Dún Laoghaire-Rathdown",0.5,1.2,23.0,30.4,3.0,31.5,10.4
" ","018 Cabinteely-Granitefield, Dún Laoghaire-Rathdown",..,3.0,18.8,25.7,8.0,25.5,19.0
" ","019 Cabinteely-Kilbogget, Dún Laoghaire-Rathdown",0.1,3.5,21.6,23.9,7.2,24.4,19.4
" ","020 Cabinteely-Loughlinstown, Dún Laoghaire-Rathdown",0.4,1.6,29.0,29.0,4.8,19.4,15.8
" ","021 Cabinteely-Pottery, Dún Laoghaire-Rathdown",0.2,2.6,26.0,22.8,5.5,26.3,16.6
" ","022 Churchtown-Castle, Dún Laoghaire-Rathdown",0.7,4.5,24.7,26.6,5.7,23.1,14.8
" ","023 Churchtown-Landscape, Dún Laoghaire-Rathdown",0.4,2.7,23.9,30.3,3.9,27.1,11.6
" ","024 Churchtown-Nutgrove, Dún Laoghaire-Rathdown",0.5,5.0,20.1,21.2,5.6,28.7,18.9
" ","025 Churchtown-Orwell, Dún Laoghaire-Rathdown",0.6,3.0,24.4,25.6,4.5,30.4,11.6
" ","026 Churchtown-Woodlawn, Dún Laoghaire-Rathdown",..,1.6,23.1,30.6,4.5,27.5,12.8
" ","027 Clonskeagh-Belfield, Dún Laoghaire-Rathdown",1.3,2.6,22.7,26.5,3.3,30.0,13.5
" ","028 Clonskeagh-Farranboley, Dún Laoghaire-Rathdown",0.6,3.4,21.9,29.5,4.4,26.1,14.1
" ","029 Clonskeagh-Milltown, Dún Laoghaire-Rathdown",0.4,2.6,24.7,32.1,4.0,24.6,11.5
" ","030 Clonskeagh-Roebuck, Dún Laoghaire-Rathdown",0.3,1.8,26.0,31.5,3.1,26.2,11.1
" ","031 Clonskeagh-Windy Arbour, Dún Laoghaire-Rathdown",0.4,1.7,25.7,31.1,3.3,28.4,9.5
" ","032 Dalkey-Avondale, Dún Laoghaire-Rathdown",0.3,2.8,22.7,26.1,9.3,22.7,16.1
" ","033 Dalkey-Bullock, Dún Laoghaire-Rathdown",..,1.7,23.9,33.1,2.4,27.4,11.4
" ","034 Dalkey-Coliemore, Dún Laoghaire-Rathdown",0.4,3.4,23.9,33.7,4.2,23.1,11.4
" ","035 Dalkey Hill, Dún Laoghaire-Rathdown",..,2.1,20.2,31.3,5.5,23.8,17.1
" ","036 Dalkey Upper, Dún Laoghaire-Rathdown",0.7,2.4,28.3,26.1,4.6,25.6,12.4
" ","037 Dundrum-Balally, Dún Laoghaire-Rathdown",0.2,2.0,24.6,37.4,4.2,18.0,13.6
" ","038 Dundrum-Kilmacud, Dún Laoghaire-Rathdown",0.3,1.4,27.2,35.9,3.8,20.5,10.9
" ","039 Dundrum-Sandyford, Dún Laoghaire-Rathdown",0.2,1.8,26.9,30.1,4.9,21.4,14.6
" ","040 Dundrum-Sweetmount, Dún Laoghaire-Rathdown",0.5,3.4,24.2,29.4,3.9,25.9,12.7
" ","041 Dundrum-Taney, Dún Laoghaire-Rathdown",0.6,2.5,21.1,27.6,3.5,30.5,14.2
" ","042 Dún Laoghaire-East Central, Dún Laoghaire-Rathdown",..,1.7,22.4,35.5,3.7,24.3,12.4
" ","043 Dún Laoghaire-Glasthule, Dún Laoghaire-Rathdown",0.1,2.2,25.3,32.2,3.3,25.6,11.3
" ","044 Dún Laoghaire-Glenageary, Dún Laoghaire-Rathdown",..,2.9,21.7,29.3,5.6,27.9,12.6
" ","045 Dún Laoghaire-Monkstown Farm, Dún Laoghaire-Rathdown",0.1,3.7,20.7,21.6,7.6,30.0,16.2
" ","046 Dún Laoghaire-Mount Town, Dún Laoghaire-Rathdown",..,2.8,23.0,21.2,7.0,26.4,19.7
" ","047 Dún Laoghaire-Sallynoggin East, Dún Laoghaire-Rathdown",0.1,2.7,21.4,23.3,6.6,27.4,18.5
" ","048 Dún Laoghaire-Sallynoggin South, Dún Laoghaire-Rathdown",1.0,6.0,18.8,19.6,8.0,26.1,20.5
" ","049 Dún Laoghaire-Sallynoggin West, Dún Laoghaire-Rathdown",0.4,2.4,22.5,27.9,6.8,24.0,16.0
" ","050 Dún Laoghaire-Sandycove, Dún Laoghaire-Rathdown",0.3,1.2,22.1,34.6,4.0,28.2,9.7
" ","051 Dún Laoghaire-Salthill, Dún Laoghaire-Rathdown",..,1.2,22.4,36.4,2.1,28.1,9.7
" ","052 Dún Laoghaire-West Central, Dún Laoghaire-Rathdown",0.5,2.1,20.4,36.1,4.1,23.0,13.8
" ","053 Foxrock-Beechpark, Dún Laoghaire-Rathdown",0.7,2.0,29.7,21.4,5.7,26.6,13.9
" ","054 Foxrock-Carrickmines, Dún Laoghaire-Rathdown",0.3,2.3,28.6,29.2,4.3,21.0,14.5
" ","055 Foxrock-Deans Grange, Dún Laoghaire-Rathdown",0.4,1.6,26.0,30.9,5.7,24.0,11.4
" ","056 Foxrock-Torquay, Dún Laoghaire-Rathdown",0.6,3.1,26.9,28.8,5.7,22.4,12.5
" ","057 Glencullen, Dún Laoghaire-Rathdown",0.2,2.3,25.8,31.0,5.2,19.4,16.1
" ","058 Killiney North, Dún Laoghaire-Rathdown",0.4,2.6,22.1,30.3,4.6,26.7,13.3
" ","059 Killiney South, Dún Laoghaire-Rathdown",0.2,3.8,22.0,22.6,6.5,25.9,18.9
" ","060 Shankill-Rathmichael, Dún Laoghaire-Rathdown",0.5,4.0,21.1,27.2,6.3,23.7,17.3
" ","061 Shankill-Rathsallagh, Dún Laoghaire-Rathdown",0.5,3.5,21.5,23.7,7.0,27.3,16.4
" ","062 Shankill-Shanganagh, Dún Laoghaire-Rathdown",0.4,2.6,20.5,23.7,5.9,29.2,17.6
" ","063 Stillorgan-Deerpark, Dún Laoghaire-Rathdown",0.3,1.8,26.5,28.2,5.9,27.4,9.9
" ","064 Stillorgan-Kilmacud, Dún Laoghaire-Rathdown",0.4,2.0,22.9,31.7,3.8,28.5,10.7
" ","065 Stillorgan-Leopardstown, Dún Laoghaire-Rathdown",0.3,1.0,29.6,31.5,4.7,22.3,10.6
" ","066 Stillorgan-Merville, Dún Laoghaire-Rathdown",0.3,1.8,23.4,33.3,5.2,24.4,11.7
" ","067 Stillorgan-Mount Merrion, Dún Laoghaire-Rathdown",0.2,1.0,23.9,28.3,4.3,31.5,10.8
" ","068 Stillorgan-Priory, Dún Laoghaire-Rathdown",0.1,1.8,29.2,29.0,2.8,25.4,11.5
" ","069 Tibradden, Dún Laoghaire-Rathdown",0.2,6.2,18.0,23.7,5.0,30.6,16.2
" ","001 Athy East Urban, Co. Kildare",0.9,5.4,13.7,10.1,17.0,34.2,18.8
" ","002 Athy West Urban, Co. Kildare",1.5,8.4,12.5,7.8,18.1,30.6,21.3
" ","003 Naas Urban, Co. Kildare",0.4,3.7,17.0,16.0,11.9,30.0,21.0
" ","004 Athy Rural (Part Rural), Co. Kildare",2.4,4.8,13.5,10.5,15.5,31.4,21.9
" ","005 Ballaghmoon, Co. Kildare",12.4,11.6,21.0,10.9,7.1,21.6,15.4
" ","006 Ballitore, Co. Kildare",2.3,7.2,12.5,10.5,18.2,28.3,20.9
" ","007 Ballybrackan, Co. Kildare",10.4,7.8,12.4,8.4,16.7,27.9,16.4
" ","008 Ballyshannon, Co. Kildare",2.8,9.4,12.2,16.6,14.9,25.8,18.4
" ","009 Belan, Co. Kildare",11.0,5.4,19.7,12.0,11.5,21.2,19.3
" ","010 Bert, Co. Kildare",11.5,1.7,16.8,10.4,13.4,26.2,20.0
" ","011 Burtown, Co. Kildare",15.7,6.4,11.4,10.6,11.2,26.4,18.3
" ","012 Carrigeen, Co. Kildare",10.5,6.4,11.9,15.2,9.1,29.8,17.2
" ","013 Castledermot, Co. Kildare",3.4,8.7,12.1,10.8,12.1,28.1,24.9
" ","014 Churchtown, Co. Kildare",13.7,7.5,9.7,8.4,12.5,29.5,18.7
" ","015 Dunmanoge, Co. Kildare",6.7,8.0,11.9,14.1,12.6,29.8,16.9
" ","016 Fontstown, Co. Kildare",12.9,6.5,11.2,13.3,18.8,19.3,17.9
" ","017 Graney, Co. Kildare",8.7,9.7,11.5,13.6,14.9,18.6,22.9
" ","018 Grangemellon, Co. Kildare",14.0,8.2,12.3,9.0,14.3,26.2,16.0
" ","019 Harristown, Co. Kildare",23.9,10.7,6.2,9.1,12.9,22.0,15.2
" ","020 Inchaquire, Co. Kildare",10.4,9.5,15.1,9.1,13.7,14.2,28.1
" ","021 Johnstown, Co. Kildare",14.4,5.2,11.4,11.2,15.0,21.9,20.9
" ","022 Kilberry, Co. Kildare",10.0,6.5,9.8,11.9,25.9,24.4,11.4
" ","023 Kildangan, Co. Kildare",9.9,5.5,8.2,17.4,10.0,27.3,21.6
" ","024 Kilkea, Co. Kildare",14.3,11.7,11.5,11.1,11.3,18.8,21.4
" ","025 Kilrush, Co. Kildare",8.7,6.2,9.8,15.8,10.4,30.0,19.0
" ","026 Lackagh, Co. Kildare",4.9,5.9,11.9,13.6,13.8,31.5,18.3
" ","027 Monasterevin, Co. Kildare",2.9,5.4,11.9,10.6,13.9,30.7,24.5
" ","028 Moone, Co. Kildare",9.5,8.3,10.7,11.4,10.3,32.8,17.0
" ","029 Narraghmore, Co. Kildare",6.1,7.9,13.6,14.5,9.9,28.8,19.2
" ","030 Nurney, Co. Kildare",3.9,5.6,12.7,12.1,11.0,28.4,26.2
" ","031 Quinsborough, Co. Kildare",12.9,4.7,9.2,5.7,15.7,33.4,18.5
" ","032 Skerries, Co. Kildare",7.7,9.4,12.0,15.8,12.2,30.5,12.4
" ","033 Balraheen, Co. Kildare",2.5,5.9,14.6,19.0,8.9,34.3,14.9
" ","034 Celbridge, Co. Kildare",0.4,4.7,17.8,16.2,11.3,30.2,19.5
" ","035 Cloncurry, Co. Kildare",3.5,9.2,11.4,12.5,9.9,32.8,20.6
" ","036 Donadea, Co. Kildare",3.7,7.9,13.0,18.6,9.4,28.6,18.8
" ","037 Donaghcumper, Co. Kildare",0.7,4.9,18.8,16.4,10.5,28.3,20.4
" ","038 Kilcock, Co. Kildare",0.7,6.0,15.0,16.0,10.4,30.3,21.8
" ","039 Leixlip, Co. Kildare",0.3,5.2,20.3,17.1,10.3,30.3,16.5
" ","040 Maynooth, Co. Kildare",0.6,4.2,18.6,18.1,11.0,31.5,16.1
" ","041 Straffan, Co. Kildare",4.4,7.4,15.5,18.8,12.3,23.4,18.1
" ","042 Ballynadrumny, Co. Kildare",8.1,9.0,11.4,12.5,16.3,16.9,25.8
" ","043 Cadamstown, Co. Kildare",2.7,7.8,12.6,14.0,15.9,28.6,18.4
" ","044 Carbury, Co. Kildare",6.5,8.0,15.4,6.8,16.7,26.6,19.8
" ","045 Carrick, Co. Kildare",8.6,6.8,12.9,8.8,17.1,29.0,16.8
" ","046 Cloncurry, Co. Kildare",7.1,5.8,8.3,10.4,15.8,34.8,17.9
" ","047 Drehid, Co. Kildare",10.0,14.5,8.3,10.4,5.4,28.7,22.6
" ","048 Dunfierth, Co. Kildare",3.9,8.8,16.6,15.4,12.3,28.7,14.3
" ","049 Killinthomas, Co. Kildare",4.6,12.2,12.4,8.8,18.9,22.9,20.3
" ","050 Kilpatrick, Co. Kildare",3.9,11.1,11.4,7.6,23.3,19.8,22.9
" ","051 Kilrainy, Co. Kildare",5.1,9.5,8.4,11.5,17.8,25.4,22.3
" ","052 Lullymore, Co. Kildare",8.2,7.3,10.3,8.1,12.8,32.3,21.0
" ","053 Rathangan, Co. Kildare",2.7,8.1,12.3,11.8,14.7,28.2,22.3
" ","054 Thomastown, Co. Kildare",5.5,6.9,12.4,16.1,11.3,26.8,20.9
" ","055 Windmill Cross, Co. Kildare",4.1,7.5,12.7,8.2,19.6,22.4,25.6
" ","056 Ballymore Eustace, Co. Kildare",3.2,9.2,14.4,12.6,8.9,31.0,20.7
" ","057 Ballysax East, Co. Kildare",3.4,4.1,13.7,14.2,10.9,34.5,19.1
" ","058 Ballysax West, Co. Kildare",5.0,6.0,13.1,12.8,10.7,31.6,20.7
" ","059 Bodenstown, Co. Kildare",1.4,5.4,17.3,20.0,10.0,25.5,20.4
" ","060 Carnalway, Co. Kildare",3.3,5.0,13.9,17.4,11.5,27.3,21.7
" ","061 Carragh, Co. Kildare",1.8,5.9,15.4,17.3,10.8,26.9,22.0
" ","062 Clane, Co. Kildare",0.9,5.9,16.8,14.6,12.0,27.9,21.8
" ","063 Donore, Co. Kildare",4.6,6.4,13.2,12.4,9.7,29.4,24.3
" ","064 Downings, Co. Kildare",1.2,7.5,13.1,14.5,13.0,28.2,22.4
" ","065 Droichead Nua (Newbridge) Rural, Co. Kildare",1.5,6.1,14.4,17.8,11.4,27.7,21.0
" ","066 Droichead Nua (Newbridge) Urban, Co. Kildare",0.5,5.2,15.7,11.2,13.0,29.3,25.0
" ","067 Dunmurry, Co. Kildare",10.2,5.2,11.7,13.9,13.8,29.6,15.6
" ","068 Feighcullen, Co. Kildare",3.4,4.4,14.0,12.7,18.2,30.6,16.6
" ","069 Gilltown, Co. Kildare",14.6,8.2,8.7,14.0,9.5,28.7,16.3
" ","070 Kilcullen, Co. Kildare",1.8,5.4,12.4,14.1,12.5,32.1,21.8
" ","071 Kildare, Co. Kildare",2.4,4.1,15.6,13.0,12.1,27.2,25.6
" ","072 Kill, Co. Kildare",0.9,6.9,17.5,15.7,9.7,22.1,27.0
" ","073 Killashee, Co. Kildare",2.4,8.1,13.9,23.8,6.8,26.3,18.7
" ","074 Kilmeage North, Co. Kildare",1.9,9.6,12.0,10.4,15.5,24.6,26.0
" ","075 Kilmeage South, Co. Kildare",2.6,8.4,12.9,12.2,15.6,26.0,22.2
" ","076 Kilteel, Co. Kildare",4.3,6.9,21.2,13.6,9.3,21.8,23.0
" ","077 Ladytown, Co. Kildare",2.8,3.4,17.7,18.4,8.6,26.1,22.9
" ","078 Morristownbiller, Co. Kildare",0.6,4.5,15.8,14.6,12.8,28.0,23.7
" ","079 Naas Rural, Co. Kildare",1.7,4.6,18.2,17.4,11.5,25.4,21.3
" ","080 Newtown, Co. Kildare",3.2,5.8,15.2,21.2,8.5,24.5,21.6
" ","081 Oldconnell, Co. Kildare",6.3,10.0,14.2,13.0,12.3,24.7,19.4
" ","082 Oughterard, Co. Kildare",3.0,10.2,16.3,16.4,11.6,24.0,18.5
" ","083 Pollardstown, Co. Kildare",5.0,7.4,17.8,24.8,8.7,18.8,17.5
" ","084 Rathernan, Co. Kildare",4.1,9.2,12.3,11.4,13.7,26.8,22.5
" ","085 Rathmore, Co. Kildare",3.7,7.7,16.1,20.3,6.3,28.2,17.7
" ","086 Robertstown, Co. Kildare",1.9,8.7,17.8,9.8,17.1,22.2,22.6
" ","087 Timahoe North, Co. Kildare",5.3,8.7,11.2,14.2,13.5,31.4,15.7
" ","088 Timahoe South, Co. Kildare",2.9,11.3,10.3,13.0,17.2,22.2,23.0
" ","089 Usk, Co. Kildare",9.8,8.8,13.8,9.5,13.6,28.1,16.3
" ","001 Kilkenny No. 1 Urban, Co. Kilkenny",0.9,5.6,14.2,10.5,8.8,35.5,24.4
" ","002 Kilkenny No. 2 Urban, Co. Kilkenny",1.0,5.4,12.9,10.0,8.0,37.5,25.2
" ","003 Burnchurch, Co. Kilkenny",10.3,6.4,14.7,10.3,12.6,32.0,13.7
" ","004 Callan Rural, Co. Kilkenny",8.5,5.5,13.6,6.7,13.3,33.3,19.0
" ","005 Callan Urban, Co. Kilkenny",2.0,6.6,12.5,6.7,18.4,33.2,20.6
" ","006 Coolaghmore, Co. Kilkenny",19.3,7.9,10.4,8.0,14.9,22.1,17.4
" ","007 Dunamaggan, Co. Kilkenny",13.3,9.9,7.6,13.0,13.7,26.0,16.5
" ","008 Earlstown, Co. Kilkenny",16.8,6.9,12.3,10.7,10.2,29.5,13.6
" ","009 Kells, Co. Kilkenny",11.0,4.5,16.3,12.9,6.8,33.7,14.8
" ","010 Killamery, Co. Kilkenny",18.7,9.8,10.8,10.7,14.6,20.8,14.7
" ","011 Kilmaganny, Co. Kilkenny",13.9,10.5,11.7,9.6,11.2,24.7,18.5
" ","012 Kilmanagh, Co. Kilkenny",12.2,6.4,9.6,8.0,11.1,32.2,20.4
" ","013 Mallardstown, Co. Kilkenny",22.8,1.9,13.4,11.2,9.8,24.6,16.4
" ","014 Scotsborough, Co. Kilkenny",23.4,1.3,11.3,10.3,8.3,27.1,18.3
" ","015 Tullaghanbrogue, Co. Kilkenny",9.9,8.0,12.6,7.0,11.7,34.8,15.9
" ","016 Boolyglass, Co. Kilkenny",27.5,9.6,9.0,8.6,9.7,22.8,12.7
" ","017 Fiddown, Co. Kilkenny",10.6,9.2,9.4,7.9,21.1,25.3,16.5
" ","018 Muckalee, Co. Kilkenny",12.5,8.8,7.9,12.8,20.7,24.4,13.0
" ","019 Pilltown, Co. Kilkenny",6.3,5.8,11.7,11.1,18.9,29.3,16.8
" ","020 Templeorum, Co. Kilkenny",12.7,8.3,10.4,13.4,13.8,25.4,16.0
" ","021 Tubbrid, Co. Kilkenny",14.4,8.9,9.9,8.9,12.8,31.2,13.9
" ","022 Tullahought, Co. Kilkenny",13.5,8.6,13.2,6.0,15.7,18.9,24.1
" ","023 Whitechurch, Co. Kilkenny",14.4,9.9,14.5,10.5,15.2,23.4,12.0
" ","024 Attanagh, Co. Kilkenny",16.0,10.9,10.8,7.2,14.5,27.2,13.3
" ","025 Ballyragget, Co. Kilkenny",5.5,6.6,12.3,7.2,18.3,29.8,20.2
" ","026 Castlecomer, Co. Kilkenny",4.2,6.7,12.5,8.3,13.7,35.3,19.3
" ","027 Clogh, Co. Kilkenny",7.8,9.8,10.3,8.8,14.5,31.6,17.1
" ","028 Clogharinka, Co. Kilkenny",14.5,12.8,11.7,8.8,11.9,26.0,14.3
" ","029 Kilmacar, Co. Kilkenny",15.2,8.0,6.7,10.9,14.7,29.9,14.6
" ","030 Moneenroe, Co. Kilkenny",7.7,6.4,10.2,7.4,15.3,29.3,23.7
" ","031 Mothell, Co. Kilkenny",12.6,10.5,12.3,12.8,11.2,30.1,10.4
" ","032 Muckalee, Co. Kilkenny",12.7,9.3,12.6,6.7,13.4,27.3,18.1
" ","033 Brownsford, Co. Kilkenny",20.6,1.2,16.3,3.4,3.5,42.6,12.4
" ","034 Dysartmoon, Co. Kilkenny",13.3,4.5,11.8,16.5,9.3,29.0,15.5
" ","035 Jerpoint West, Co. Kilkenny",14.0,8.0,8.3,8.2,15.1,34.1,12.4
" ","036 Listerlin, Co. Kilkenny",12.7,6.1,7.9,14.3,12.4,33.0,13.5
" ","037 Rosbercon Rural, Co. Kilkenny",5.8,8.5,10.3,9.8,17.8,28.4,19.5
" ","038 Shanbogh, Co. Kilkenny",14.0,8.7,10.0,10.0,9.8,27.5,19.8
" ","039 The Rower, Co. Kilkenny",10.4,8.4,7.1,10.5,19.1,31.9,12.5
" ","040 Ballinamara, Co. Kilkenny",18.5,3.9,11.1,7.5,12.9,31.5,14.7
" ","041 Ballybeagh, Co. Kilkenny",10.7,8.6,15.4,9.1,14.1,27.3,14.8
" ","042 Ballycallan, Co. Kilkenny",12.5,12.8,14.2,4.2,9.1,31.4,15.8
" ","043 Clara, Co. Kilkenny",9.1,7.8,8.7,10.5,10.8,35.5,17.6
" ","044 Coolcraheen, Co. Kilkenny",9.4,8.6,12.4,9.2,10.4,35.1,14.9
" ","045 Dunbell, Co. Kilkenny",13.1,7.9,13.8,7.5,12.0,29.6,16.1
" ","046 Dunmore, Co. Kilkenny",4.5,5.5,14.9,12.7,11.1,36.2,15.2
" ","047 Freshford, Co. Kilkenny",6.7,7.0,17.1,7.9,9.5,37.0,15.0
" ","048 Gowran, Co. Kilkenny",6.4,5.9,14.9,10.5,11.4,32.0,18.9
" ","049 Grange, Co. Kilkenny",7.6,8.5,12.0,13.1,9.5,34.8,14.5
" ","050 Kilkenny Rural, Co. Kilkenny",1.4,4.9,14.3,9.8,10.9,40.0,18.8
" ","051 Kilkieran, Co. Kilkenny",9.3,5.9,9.7,9.5,16.6,37.5,11.4
" ","052 Odagh, Co. Kilkenny",13.7,9.3,6.6,10.3,14.2,32.0,13.8
" ","053 Outrath, Co. Kilkenny",9.8,7.3,12.8,10.3,13.1,30.7,16.0
" ","054 Paulstown, Co. Kilkenny",7.7,4.8,12.7,11.3,12.3,30.4,20.8
" ","055 Rathcoole, Co. Kilkenny",9.9,5.4,15.6,9.3,9.8,36.1,13.8
" ","056 Rathealy, Co. Kilkenny",14.8,8.1,16.0,8.2,6.4,32.5,14.0
" ","057 St. Canice, Co. Kilkenny",5.1,6.2,13.1,11.9,7.5,40.6,15.6
" ","058 Shankill, Co. Kilkenny",7.4,6.2,11.0,9.8,13.7,33.0,18.8
" ","059 Tiscoffin, Co. Kilkenny",9.2,7.6,14.3,12.0,11.3,29.2,16.3
" ","060 Tullaroan, Co. Kilkenny",19.1,3.0,14.6,3.5,11.4,29.8,18.6
" ","061 Aghaviller, Co. Kilkenny",13.6,9.7,5.8,8.3,16.6,30.2,15.8
" ","062 Ballyhale, Co. Kilkenny",8.1,8.6,13.2,8.7,18.1,28.0,15.3
" ","063 Ballyvool, Co. Kilkenny",16.0,7.9,9.9,10.8,14.9,32.1,8.4
" ","064 Bennettsbridge, Co. Kilkenny",6.1,8.8,11.6,7.5,9.6,32.5,23.9
" ","065 Bramblestown, Co. Kilkenny",10.0,9.1,12.7,11.4,11.9,30.2,14.7
" ","066 Castlebanny, Co. Kilkenny",20.9,12.1,9.4,6.6,10.4,25.0,15.6
" ","067 Castlegannon, Co. Kilkenny",12.5,9.1,14.4,3.1,8.5,33.9,18.5
" ","068 Coolhill, Co. Kilkenny",15.8,3.1,8.1,9.6,19.0,26.5,17.8
" ","069 Danesfort, Co. Kilkenny",7.4,7.3,11.8,9.3,12.6,32.0,19.6
" ","070 Ennisnag, Co. Kilkenny",7.1,5.9,13.3,12.1,11.1,35.5,15.0
" ","071 Famma, Co. Kilkenny",17.6,5.5,12.7,16.9,8.9,24.3,14.1
" ","072 Freaghana, Co. Kilkenny",20.1,2.2,14.1,15.1,14.3,23.2,11.0
" ","073 Goresbridge, Co. Kilkenny",5.4,6.4,13.2,6.9,20.3,23.7,24.1
" ","074 Graiguenamanagh, Co. Kilkenny",8.0,6.2,11.2,9.1,14.6,32.7,18.1
" ","075 Inistioge, Co. Kilkenny",5.8,6.5,12.9,9.7,10.2,37.6,17.3
" ","076 Jerpoint Church, Co. Kilkenny",4.6,8.9,11.1,10.9,14.3,28.3,21.8
" ","077 Kilfane, Co. Kilkenny",10.6,5.6,12.2,5.4,9.5,42.5,14.1
" ","078 Kilkeasy, Co. Kilkenny",14.8,14.1,14.1,5.7,13.3,24.0,14.0
" ","079 Kiltorcan, Co. Kilkenny",15.8,8.6,14.8,4.1,11.1,26.3,19.3
" ","080 Knocktopher, Co. Kilkenny",11.7,9.5,6.2,6.1,16.0,31.6,19.0
" ","081 Pleberstown, Co. Kilkenny",13.8,9.6,6.3,15.5,19.4,31.7,3.7
" ","082 Powerstown, Co. Kilkenny",12.7,8.6,11.1,9.4,11.3,32.8,14.2
" ","083 Stonyford, Co. Kilkenny",12.2,9.8,6.7,8.7,8.7,33.7,20.2
" ","084 Thomastown, Co. Kilkenny",3.5,7.4,12.4,8.5,10.1,37.8,20.3
" ","085 Tullaherin, Co. Kilkenny",11.8,1.9,10.9,13.8,11.2,32.2,18.3
" ","086 Ullard, Co. Kilkenny",15.2,4.4,13.9,10.0,13.0,25.0,18.5
" ","087 Woolengrange, Co. Kilkenny",10.7,12.3,8.4,12.6,11.1,29.8,15.1
" ","088 Balleen, Co. Kilkenny",12.7,10.3,8.3,11.0,9.7,34.1,14.0
" ","089 Ballyconra, Co. Kilkenny",15.4,9.2,8.5,7.7,22.1,23.6,13.5
" ","090 Baunmore, Co. Kilkenny",20.9,1.0,13.2,12.4,16.1,25.8,10.5
" ","091 Clomantagh, Co. Kilkenny",21.1,8.0,10.6,10.7,6.6,25.7,17.2
" ","092 Galmoy, Co. Kilkenny",25.2,13.4,9.9,7.1,11.3,19.1,14.0
" ","093 Glashare, Co. Kilkenny",23.1,5.1,10.5,7.5,9.2,31.5,13.1
" ","094 Johnstown, Co. Kilkenny",14.1,8.1,14.0,6.7,16.2,28.2,12.7
" ","095 Lisdowney, Co. Kilkenny",16.7,9.9,13.4,7.1,13.2,28.8,10.9
" ","096 Rathbeagh, Co. Kilkenny",14.1,7.4,11.1,11.5,13.8,30.2,12.0
" ","097 Tubbridbrittain, Co. Kilkenny",25.8,8.0,10.4,2.7,15.1,25.5,12.4
" ","098 Urlingford, Co. Kilkenny",9.3,4.3,12.1,5.4,11.3,28.5,29.1
" ","099 Aglish, Co. Kilkenny",7.5,10.5,12.2,10.9,19.9,22.1,16.8
" ","100 Ballincrea, Co. Kilkenny",14.3,7.2,11.2,7.6,21.2,25.8,12.8
" ","101 Dunkitt, Co. Kilkenny",5.2,8.6,11.6,11.2,18.1,25.4,19.8
